age	ethnicity	gender	img_name
1	2	0	20161219203650636.jpg.chip.jpg
1	2	0	20161219222752047.jpg.chip.jpg
1	2	0	20161219222832191.jpg.chip.jpg
1	2	0	20161220144911423.jpg.chip.jpg
1	2	0	20161220144914327.jpg.chip.jpg
1	2	0	20161220144957407.jpg.chip.jpg
1	2	0	20161220145040127.jpg.chip.jpg
1	2	0	20170109191125532.jpg.chip.jpg
1	2	0	20161219222749039.jpg.chip.jpg
1	2	0	20170109191209991.jpg.chip.jpg
1	2	0	20170109192102236.jpg.chip.jpg
1	2	0	20170109192222822.jpg.chip.jpg
1	2	0	20170109193535757.jpg.chip.jpg
1	2	0	20170110212743721.jpg.chip.jpg
1	2	0	20170110213009014.jpg.chip.jpg
1	2	0	20170110213415212.jpg.chip.jpg
1	2	0	20170110213523297.jpg.chip.jpg
1	2	0	20170109191453449.jpg.chip.jpg
1	2	0	20170116194202388.jpg.chip.jpg
1	2	0	20161219222609775.jpg.chip.jpg
1	2	0	20161219222555031.jpg.chip.jpg
1	2	0	20161219221816327.jpg.chip.jpg
1	2	0	20161219221845695.jpg.chip.jpg
1	2	0	20161219221908887.jpg.chip.jpg
1	2	0	20161219221912695.jpg.chip.jpg
1	2	0	20161219221919847.jpg.chip.jpg
1	2	0	20161219222014119.jpg.chip.jpg
1	2	0	20161219222035808.jpg.chip.jpg
1	2	0	20161219222602319.jpg.chip.jpg
1	2	0	20161219222040503.jpg.chip.jpg
1	2	0	20161219222046607.jpg.chip.jpg
1	2	0	20161219222119639.jpg.chip.jpg
1	2	0	20161219222219286.jpg.chip.jpg
1	2	0	20161219222456375.jpg.chip.jpg
1	2	0	20161219222459119.jpg.chip.jpg
1	2	0	20161219222527222.jpg.chip.jpg
1	2	0	20161219222549447.jpg.chip.jpg
1	2	0	20161219222043223.jpg.chip.jpg
1	2	0	20161219221751759.jpg.chip.jpg
1	2	0	20170117195243732.jpg.chip.jpg
1	3	0	20161219224423280.jpg.chip.jpg
1	3	0	20161219225121728.jpg.chip.jpg
1	3	0	20161219225149888.jpg.chip.jpg
1	3	0	20161219225241152.jpg.chip.jpg
1	3	0	20161219225242908.jpg.chip.jpg
1	3	0	20161219225252688.jpg.chip.jpg
1	3	0	20161219225303736.jpg.chip.jpg
1	3	0	20161219225322506.jpg.chip.jpg
1	3	0	20161219225116535.jpg.chip.jpg
1	3	0	20161219225357184.jpg.chip.jpg
1	3	0	20161219225413968.jpg.chip.jpg
1	3	0	20161219225445327.jpg.chip.jpg
1	3	0	20161219225519457.jpg.chip.jpg
1	3	0	20161219225559648.jpg.chip.jpg
1	3	0	20161219225611272.jpg.chip.jpg
1	3	0	20161219225615528.jpg.chip.jpg
1	3	0	20161219225616560.jpg.chip.jpg
1	3	0	20161219225410225.jpg.chip.jpg
1	3	0	20161219190227867.jpg.chip.jpg
1	3	0	20161219225032897.jpg.chip.jpg
1	3	0	20161219225012529.jpg.chip.jpg
1	3	0	20161219224513831.jpg.chip.jpg
1	3	0	20161219224544080.jpg.chip.jpg
1	3	0	20161219224546584.jpg.chip.jpg
1	3	0	20161219224645904.jpg.chip.jpg
1	3	0	20161219224655512.jpg.chip.jpg
1	3	0	20161219224706847.jpg.chip.jpg
1	3	0	20161219224709226.jpg.chip.jpg
1	3	0	20161219225021361.jpg.chip.jpg
1	3	0	20161219224713216.jpg.chip.jpg
1	3	0	20161219224843048.jpg.chip.jpg
1	3	0	20161219224914784.jpg.chip.jpg
1	3	0	20161219224917304.jpg.chip.jpg
1	3	0	20161219224939056.jpg.chip.jpg
1	3	0	20161219224941016.jpg.chip.jpg
1	3	0	20161219224942305.jpg.chip.jpg
1	3	0	20161219224956400.jpg.chip.jpg
1	3	0	20161219224748008.jpg.chip.jpg
1	3	0	20161219225633088.jpg.chip.jpg
1	2	0	20161219221744255.jpg.chip.jpg
1	2	0	20161219220247471.jpg.chip.jpg
1	2	0	20161219204024196.jpg.chip.jpg
1	2	0	20161219204108580.jpg.chip.jpg
1	2	0	20161219204151442.jpg.chip.jpg
1	2	0	20161219204156668.jpg.chip.jpg
1	2	0	20161219204252348.jpg.chip.jpg
1	2	0	20161219204409620.jpg.chip.jpg
1	2	0	20161219204418485.jpg.chip.jpg
1	2	0	20161219204012884.jpg.chip.jpg
1	2	0	20161219204515493.jpg.chip.jpg
1	2	0	20161219204653181.jpg.chip.jpg
1	2	0	20161219204655933.jpg.chip.jpg
1	2	0	20161219204736996.jpg.chip.jpg
1	2	0	20161219204836612.jpg.chip.jpg
1	2	0	20161219204845029.jpg.chip.jpg
1	2	0	20161219204848341.jpg.chip.jpg
1	2	0	20161219204858548.jpg.chip.jpg
1	2	0	20161219204634589.jpg.chip.jpg
1	2	0	20161219204951309.jpg.chip.jpg
1	2	0	20161219204010237.jpg.chip.jpg
1	2	0	20161219203943516.jpg.chip.jpg
1	2	0	20161219203105373.jpg.chip.jpg
1	2	0	20161219203112116.jpg.chip.jpg
1	2	0	20161219203122004.jpg.chip.jpg
1	2	0	20161219203140692.jpg.chip.jpg
1	2	0	20161219203148028.jpg.chip.jpg
1	2	0	20161219203154684.jpg.chip.jpg
1	2	0	20161219203156557.jpg.chip.jpg
1	2	0	20161219203954396.jpg.chip.jpg
1	2	0	20161219203236876.jpg.chip.jpg
1	2	0	20161219203310132.jpg.chip.jpg
1	2	0	20161219203325644.jpg.chip.jpg
1	2	0	20161219203335428.jpg.chip.jpg
1	2	0	20161219203514252.jpg.chip.jpg
1	2	0	20161219203720956.jpg.chip.jpg
1	2	0	20161219203724580.jpg.chip.jpg
1	2	0	20161219203743797.jpg.chip.jpg
1	2	0	20161219203256078.jpg.chip.jpg
1	2	0	20161219220503943.jpg.chip.jpg
1	2	0	20161219204958037.jpg.chip.jpg
1	2	0	20161219205107772.jpg.chip.jpg
1	2	0	20161219211823957.jpg.chip.jpg
1	2	0	20161219211828974.jpg.chip.jpg
1	2	0	20161219211836743.jpg.chip.jpg
1	2	0	20161219212444782.jpg.chip.jpg
1	2	0	20161219212502046.jpg.chip.jpg
1	2	0	20161219212510086.jpg.chip.jpg
1	2	0	20161219212516942.jpg.chip.jpg
1	2	0	20161219211707638.jpg.chip.jpg
1	2	0	20161219212535950.jpg.chip.jpg
1	2	0	20161219212557190.jpg.chip.jpg
1	2	0	20161219212648582.jpg.chip.jpg
1	2	0	20161219212700566.jpg.chip.jpg
1	2	0	20161219212824950.jpg.chip.jpg
1	2	0	20161219212929702.jpg.chip.jpg
1	2	0	20161219213454832.jpg.chip.jpg
1	2	0	20161219215433975.jpg.chip.jpg
1	2	0	20161219212555694.jpg.chip.jpg
1	2	0	20161219205016902.jpg.chip.jpg
1	2	0	20161219211706614.jpg.chip.jpg
1	2	0	20161219211407518.jpg.chip.jpg
1	2	0	20161219205111061.jpg.chip.jpg
1	2	0	20161219205225773.jpg.chip.jpg
1	2	0	20161219205313061.jpg.chip.jpg
1	2	0	20161219205318388.jpg.chip.jpg
1	2	0	20161219205548949.jpg.chip.jpg
1	2	0	20161219205702141.jpg.chip.jpg
1	2	0	20161219205717701.jpg.chip.jpg
1	2	0	20161219211505437.jpg.chip.jpg
1	2	0	20161219205758717.jpg.chip.jpg
1	2	0	20161219205836181.jpg.chip.jpg
1	2	0	20161219210310309.jpg.chip.jpg
1	2	0	20161219210754437.jpg.chip.jpg
1	2	0	20161219211107805.jpg.chip.jpg
1	2	0	20161219211231133.jpg.chip.jpg
1	2	0	20161219211244365.jpg.chip.jpg
1	2	0	20161219211357821.jpg.chip.jpg
1	2	0	20161219205827749.jpg.chip.jpg
1	2	0	20161219203016316.jpg.chip.jpg
1	3	0	20161219225635520.jpg.chip.jpg
1	3	0	20161219225654600.jpg.chip.jpg
1	4	0	20161221192604164.jpg.chip.jpg
1	4	0	20161221192855037.jpg.chip.jpg
1	4	0	20161221193016140.jpg.chip.jpg
1	4	0	20161221193041157.jpg.chip.jpg
1	4	0	20161221193434166.jpg.chip.jpg
1	4	0	20161221193446478.jpg.chip.jpg
1	4	0	20161221193531198.jpg.chip.jpg
1	4	0	20161221192601052.jpg.chip.jpg
1	4	0	20161221193604223.jpg.chip.jpg
1	4	0	20161221194937848.jpg.chip.jpg
1	4	0	20161221195030936.jpg.chip.jpg
1	4	0	20161221195039712.jpg.chip.jpg
1	4	0	20161221195047839.jpg.chip.jpg
1	4	0	20161221195115664.jpg.chip.jpg
1	4	0	20161221195129503.jpg.chip.jpg
1	4	0	20161221195316815.jpg.chip.jpg
1	4	0	20161221193606310.jpg.chip.jpg
1	4	0	20161221195419136.jpg.chip.jpg
1	4	0	20161221192558436.jpg.chip.jpg
1	4	0	20161221192554517.jpg.chip.jpg
1	3	0	20161220222436891.jpg.chip.jpg
1	3	0	20161220222441595.jpg.chip.jpg
1	3	0	20161220222443283.jpg.chip.jpg
1	3	0	20161220222459155.jpg.chip.jpg
1	3	0	20161220222642427.jpg.chip.jpg
1	3	0	20161220222711441.jpg.chip.jpg
1	3	0	20161220222945883.jpg.chip.jpg
1	4	0	20161221192555965.jpg.chip.jpg
1	3	0	20161220223014827.jpg.chip.jpg
1	3	0	20161220223225003.jpg.chip.jpg
1	3	0	20161220223247506.jpg.chip.jpg
1	3	0	20161220223250813.jpg.chip.jpg
1	3	0	20170104230640081.jpg.chip.jpg
1	4	0	20161219195147803.jpg.chip.jpg
1	4	0	20161221192548675.jpg.chip.jpg
1	4	0	20161221192552629.jpg.chip.jpg
1	3	0	20161220223100579.jpg.chip.jpg
1	3	0	20161220221723490.jpg.chip.jpg
1	4	0	20161221195827599.jpg.chip.jpg
